[
  {
    "method": "dense",
    "num_questions": 62,
    "avg_mrr": 0.3634408602150538,
    "avg_recall@10": 0.41935483870967744,
    "avg_answer_f1": 0.0,
    "pct_complete_answers": 100.0,
    "avg_retrieval_time": 0.0739023954637589,
    "avg_generation_time": 6.755609316210593,
    "avg_total_time": 6.829540783359159,
    "total_evaluation_time": 4896.256993055344
  },
  {
    "method": "sparse",
    "num_questions": 100,
    "avg_mrr": 0.43916666666666665,
    "avg_recall@10": 0.47,
    "avg_answer_f1": 0.0,
    "pct_complete_answers": 100.0,
    "avg_retrieval_time": 0.006103529930114746,
    "avg_generation_time": 5.860351233482361,
    "avg_total_time": 5.866484034061432,
    "total_evaluation_time": 586.6582391262054
  },
  {
    "method": "hybrid",
    "num_questions": 100,
    "avg_mrr": 0.37833333333333335,
    "avg_recall@10": 0.43,
    "avg_answer_f1": 0.0,
    "pct_complete_answers": 100.0,
    "avg_retrieval_time": 0.08427519559860229,
    "avg_generation_time": 6.533945155143738,
    "avg_total_time": 6.618261933326721,
    "total_evaluation_time": 661.8362028598785
  }
]